0.12
0.05
0.25
0.18
0.08
0.95
0.88
0.92
0.45
0.38
0.52
0.15
0.22
0.98
0.02
0.75
0.65
0.35
0.42
0.55
0.11
0.09
0.85
0.78
0.68
0.31
0.27
0.93
0.97
0.03
0.14
0.21
0.48
0.58
0.62
0.19
0.06
0.82
0.72
0.41
0.33
0.28
0.96
0.01
0.77
0.67
0.37
0.44
0.51
0.13
0.07
0.83
0.73
0.39
0.32
0.26
0.94
0.99
0.04
0.76
0.66
0.36
0.43
0.54
0.16
0.23
0.87
0.79
0.69
0.34
0.29
0.91
0.89
0.81
0.71
0.49
0.59
0.63
0.17
0.24
0.86
0.84
0.74
0.64
0.47
0.57
0.61
0.46
0.56
0.53
0.10
0.20
0.30
0.40
0.50
0.60
0.70
0.80
0.90
14.55
0.01
0.99
0.02
0.98
0.03
0.97
0.04
0.96
0.05
0.95
0.06
0.94
0.07
0.93
0.08
0.92
0.09
0.91
0.10
0.90
0.11
0.89
0.12
0.88
0.13
0.87
0.14
0.86
0.15
0.85
0.16
0.84
0.17
0.83
0.18
0.82
0.19
0.81
0.20
0.80
0.21
0.79
0.22
0.78
0.23
0.77
0.24
0.76
0.25
0.75
0.26
0.74
0.27
0.73
0.28
0.72
0.29
0.71
0.30
0.70
0.31
0.69
0.32
0.68
0.33
0.67
0.34
0.66
0.35
0.65
0.36
0.64
0.37
0.63
0.38
0.62
0.39
0.61
0.40
0.60
0.41
0.59
0.42
0.58
0.43
0.57
0.44
0.56
0.45
0.55
0.46
0.54
0.47
0.53
0.48
0.52
0.49
0.51
0.50
13.44
14.55
15.22
11.88
12.33
0.4
14.77
12.55
13.44
14.22
15.01
12.44
11.99
13.55
0.4
15.88
12.11
13.44
14.55
15.22
11.88
12.33
13.11
14.77
12.55
0.5
14.22
15.01
12.44
0.6
13.55
14.22
0.4
12.11
13.44
14.55
15.22
11.88
12.33
13.11
14.77
12.55
13.44
14.22
15.01
12.44
11.99
13.55
14.22
15.88
12.11
13.44
14.55
15.22
11.88
12.33
13.11
14.77
12.55
13.44
14.22
15.01
12.44
11.99
13.55
14.22
15.88
12.11
13.44
14.55
15.22
11.88
12.33
13.11
14.77
12.55
13.44
14.22
15.01
12.44
11.99
13.55
14.22
15.88
12.11
13.44
14.55
15.22
11.88
12.33
13.11
14.77
12.55
13.44
14.22
15.01
12.44
11.99
13.55
14.22
15.88
12.11
13.44
14.55
15.22
11.88
12.33
13.11
14.77
12.55
13.44
14.22
15.01
12.44
11.99
13.55
14.22
15.88
12.11
13.44
14.55
15.22
11.88
12.33
13.11
14.77
12.55
13.44
14.22
15.01
12.44
11.99
13.55
14.22
15.88
12.11
13.44
14.55
15.22
11.88
12.33
13.11
14.77
12.55
13.44
14.22
15.01
12.44
11.99
13.55
14.22
15.88
12.11
13.44
14.55
15.22
11.88
12.33
13.11
14.77
12.55
13.44
14.22
15.01
12.44
11.99
13.55
14.22
15.88
12.11
13.44
14.55
15.22
11.88
12.33
13.11
14.77
12.55
13.44
14.22
15.01
12.44
11.99
13.55
14.22
15.88
12.11
13.44
14.55
15.22
11.88
12.33
13.11
14.77
12.55
13.44
14.22
15.01
0.3
0.6
0.7
0.6
0.6
0.7
0.6
0.6
0.6
0.6
0.6
11.99
13.55
14.22
15.88
12.11
13.44
0.4
15.22
11.88
12.33
13.11
14.77
0.2
13.44
14.22
15.01
12.44
11.99
0.2
14.22
15.88
12.11
13.44
14.55
0.1
11.88
12.33
13.11
0.6
0.6
13.44
14.22
15.01
12.44
11.99
13.55
14.22
15.88
12.11
13.44
14.55
15.22
11.88
12.33
13.11
14.77
12.55
13.44
14.22
15.01
12.44
11.99
13.55
14.22
15.88
12.11
13.44
14.55
15.22
11.88
12.33
13.11
14.77
12.55
13.44
14.22
15.01
12.44
11.99
13.55
14.22
15.88
12.11
13.44
14.55
15.22
11.88
12.33
13.11
14.77
12.55
13.44
14.22
15.01
12.44
11.99
13.55
14.22
15.88
12.11
13.44
14.55
15.22
11.88
12.33
13.11
14.77
12.55
13.44
14.22
15.01
12.44
11.99
13.55
0.3
15.88
12.11
13.44
0.2
15.22
11.88
12.33
13.11
14.77